837
492
651
238
594
125
769
316
980
407
263
548
719
862
134
579
693
245
981
326
754
294
617
845
429
753
182
540
398
672
971
256
608
743
951
482
769
134
527
986
369
215
890
642
347
721
524
167
438
905
5509
7324
6891
2736
1184
9558
4123
8974
3649
6162
1345
8920
2157
7462
9806
5239
1882
3476
6271
4598
7321
5914
2687
8905
1543
3867
9421
7046
1589
5794
2732
4618
8027
9356
2691
6978
4531
8124
3785
6942
2163
5894
3457
1278
9634
5402
2847
6719
8103
7452
513752
589663
217886
459015
975428
803731
642094
135767
370259
856201
297843
188384
564219
983562
691407
427950
801633
356847
159042
974187
588126
323961
743205
510948
680216
297430
143785
519207
258109
952438
740851
246997
819362
627409
309785
857142
409753
194268
936582
518317
680254
347891
506329
728916
351804
782053
630194
915476
456893
784269
20846215
78492957
51038462
93716538
36582094
62501738
30845192
15879462
76293185
45938271
82019473
62083549
97134568
38271509
51467829
63029475
74921865
85691374
42061953
75482917
21578049
93842506
68095724
26791380
41805273
59013824
78601529
21374589
94567281
51408379
82041759
62931875
20748915
91578246
39468275
78593261
51082793
63814729
97842561
40726198
62519348
34129785
51842079
78201945
96134287
15673842
82059134
94826175
63420718
15942837
2065319475
8147629158
5804382174
9172680536
3594620718
6209371845
4582093471
7903581624
5267918430
8493627159
2680794513
5127386947
7961802438
3894175206
5748269134
6319408752
8271549023
5436287194
7610342856
9156783402
4397816527
7042195836
1958273461
6103948572
1234567890
9876543210
5678901234
4321098765
8765432109
2109876543
6543210987
3456789012
7890123456
2345678901
8901234567
4567890123
3210987654
6789012345
5432109876
9876543210
1234567890
5678901234
4321098765
8765432109
2109876543
6543210987
3456789012
7890123456
2345678901
8901234567